
0 1
1 15
15 16
16 23
23 24
24 37
37 49
49 51
51 53
53 54
54 55
55 56
56 57
57 48
48 47
47 33
33 34
34 58
58 7
7 6
6 5
5 4
4 3
3 0

3 2
2 0

2 1

2 14
14 15

14 13 
13 17
17 16

17 22
22 23

22 25
25 24

25 39
39 38
38 37

38 61
61 42
42 50
50 51

50 52
52 53

52 54
54 43
43 44
44 55

44 48

44 29
29 46
46 47

46 45
45 32
32 33

32 35
35 34
34 8
8 7

8 6

8 9
9 5

9 10
10 11
11 4

11 12
12 13
13 3


12 18
18 17
17 21
21 22

21 26
26 25

26 62
62 39

62 42

62 40
40 50

40 41
41 52

41 43

41 28
28 29
29 30
30 31
31 32
32 59
59 35

59 10
10 19
19 18

19 20
20 21

20 27
27 26

27 40

27 28
28 36
36 20

36 60
60 10
10 30

10 31
31 45

-1 -1

Fin del mapa